30
1
2
3
4
5
6
7
8
9
10
11
12
13
14
15
16
17
18
19
20
21
22
23
24
25
26
27
28
29
30
[undirected]
1 2 1
1 3 4
2 4 2
2 3 9
4 5 5
4 1 1
2 5 2
10 8 3
9 1 1
6 5 3
7 6 3
1 10 4
8 4 2
9 7 3
7 2 8
10 3 3
15 6 7
15 10 2
14 3 6
13 11 1
13 8 5
12 9 9
11 5 5
11 9 7
15 1 6
16 3 5
17 5 8
18 8 3
19 11 7
20 14 1
16 15 2
17 15 7
18 2 5
19 1 9
20 4 8
21 20 1
22 13 4
23 17 7
24 2 1
25 7 5
21 9 3
21 14 2
22 4 6
23 5 9
23 7 7
24 3 3
24 14 5
24 11 3
25 1 8
26 22 5
26 10 6
27 19 4
28 17 9
28 16 7
29 6 3
30 8 2
30 18 1
30 12 5